733 1177
1096 1099
1099 1096
1177 733
1294 1295
1295 1294
1445 2441
1454 2836
1767 1771
1771 1767
2118 316
2220 5381
2305 2337
2590 7051
2909 3423
3210 3539
3228 6072
3249 7114
3494 4912
3497 3498
3498 3497
3539 3210
3589 4930
3827 3602
4145 9678
4687 2464
4718 11102
4792 1455
4912 3494
4930 3589
5333 755
5493 6395
5637 5468
6095 7409
6134 20544
6142 7411
6184 9991
6333 4907
6340 10555
6395 5493
6497 6499
6499 6497
6634 6632
6694 1591
7037 2774
7114 4622
7191 10969
7199 12172
7400 7455
7409 6095
7411 6142
7455 7400
7505 7509
7934 7932
8196 2909
8283 11783
8286 14279
8449 15734
8451 8449
9073 9074
9140 19100
9403 2875
9516 2909
9523 8807
9754 6340
9754 10555
9888 10732
9908 16325
9971 3602
10018 7161
10018 7509
10555 6340
10555 9754
10732 9888
10969 7191
10974 17564
11102 4718
11160 20860
11160 26692
11277 21071
11418 12084
11515 1653
12012 15710
12041 24401
12084 11418
12172 7199
12356 12482
12425 15078
12482 12356
12637 13451
12733 12735
13168 20050
13311 9855
13371 11019
13451 12637
13534 22038
13602 13603
13603 13602
13731 20064
14173 18081
14279 8286
14350 27111
14589 11644
14740 10656
15078 12425
15257 18680
15423 14440
15734 8449
15836 15837
15837 15836
15899 15901
15901 15899
16033 2455
16200 30881
16325 9908
16493 17324
16590 22120
16669 18137
16669 18139
17034 12522
17324 16493
17886 6816
18081 14173
18081 31875
18090 18089
18137 16669
18137 18139
18139 16669
18139 18137
18143 18206
18272 9691
18680 15257
18768 32318
18768 33014
18794 20128
19093 8634
19100 9140
19100 19945
19156 19946
19175 7051
19478 37673
19830 19833
19833 19830
19945 19100
19946 19156
19968 25486
20047 4230
20050 13168
20064 13731
20128 18794
20178 20179
20179 20178
20544 6134
20724 18198
20860 4429
20860 26692
20916 3087
20964 31681
20964 31682
21715 28831
21794 21795
21795 21794
21831 21835
22023 31415
22038 13534
22091 37156
22120 38789
22365 623
22365 2621
22852 20916
23058 1963
23071 23069
23173 25567
23395 14721
23495 23496
23495 28411
23563 42309
24356 24357
24357 39686
24401 12041
24602 41462
24844 42790
25421 2021
25434 32793
25486 43364
25584 33458
25682 27262
25711 12522
25896 35628
25974 72421
26116 2021
26167 26401
26401 8449
26401 15734
26401 26968
26530 54125
26660 34639
26692 11160
26692 20860
26787 32775
26802 26800
26963 40827
26968 26401
26968 38488
27067 23563
27111 14350
27111 33186
27262 25682
27457 27458
27458 27457
28727 39480
28764 54326
28831 21715
28850 36526
29037 4429
29180 3589
29225 23322
29467 29468
29468 29467
29488 40224
29495 46601
29602 9678
30088 18143
30112 59608
30215 23859
30597 59145
30634 19821
30828 65037
30979 19919
31072 57387
31415 22023
31467 32901
31682 20964
31682 49475
31875 18081
32060 42150
32088 7191
32117 42478
32381 36306
32403 31437
32610 15078
32793 25434
32901 31467
33014 18768
33186 74566
33458 25584
33540 56492
33795 51942
33819 72881
33824 19807
33859 12257
34055 66280
34596 50377
34639 26660
34886 20103
34905 23563
35454 13534
35454 55500
35480 8283
35523 4123
35523 70969
35628 25896
35682 1326
35776 47875
35819 4429
35830 36014
35956 39592
35956 47271
35963 59041
36014 35830
36316 36314
36526 28850
36653 193
36881 10230
37085 36112
37156 22091
37240 27339
37673 19478
37781 38347
38332 1987
38488 56174
38570 38571
38789 22120
38835 44375
39269 31892
39480 28727
39592 35956
39686 24357
39893 19878
40103 38064
40193 46901
40212 27910
40224 29488
40258 67496
40370 4429
40431 14294
40615 49110
40786 43598
40827 26963
40854 2205
40854 49014
41208 41211
41211 41208
41702 56654
41708 4429
41911 41912
41912 41911
41950 34228
41968 33222
42150 49604
42150 49605
42267 48199
42661 63194
42790 24844
42795 42796
42796 42795
42986 47602
43065 19604
43197 52585
43340 49863
43409 18298
43598 40786
44256 21433
44375 38835
45036 53565
46440 61546
46550 64357
46579 57550
46780 23322
46839 47528
46901 40193
47117 59190
47205 78304
47271 35956
47341 34913
47365 3589
47479 3837
47510 1398
47532 8351
47582 18488
47602 42986
47705 15743
47758 33763
47814 72191
47875 35776
48088 25584
48088 33458
48175 37781
48499 10018
48510 58281
48577 59211
48669 39041
48688 75280
48858 29475
48870 48873
48873 48870
48989 53206
48991 48989
49014 2205
49014 40854
49059 9465
49340 84051
49363 18715
49475 55625
49604 42150
49605 42150
49605 49604
49849 54375
49863 43340
49978 19466
50091 50090
50464 50657
50653 61910
50657 50464
51534 113309
51942 33795
51944 8299
51996 241
52179 19888
52585 43197
52590 56002
52916 74851
53038 69328
53071 62179
53206 48989
53565 45036
53591 120086
54125 26530
54136 26556
54234 82203
54326 28764
54375 49849
54571 25486
54718 30750
55128 34407
55165 78972
55304 57725
55509 20474
55530 55534
55534 55530
55969 116044
56073 62739
56088 27158
56155 60953
56174 26401
56174 38488
56360 57672
56495 88346
56545 56549
56545 113082
57169 40193
57204 69072
57550 46579
57672 56360
57725 55304
57829 37617
58386 17902
58420 71703
58841 86175
59041 35963
59190 47117
59211 48577
59710 59708
59746 119829
59982 22365
60065 81289
60120 122385
60357 60356
60378 73642
60454 64473
60691 60688
60953 56155
61004 63226
61047 61046
61406 4429
61485 40981
61546 46440
61652 120938
61910 50653
61923 75397
62006 62007
62007 62006
62179 53071
62188 15644
62521 16514
62523 20474
62578 5942
62739 56073
62754 28957
62814 64517
62861 73418
62912 44131
62988 33466
63226 61004
63380 117430
63468 18298
63505 63509
63538 6412
63769 77499
63794 96984
64033 59590
64210 10018
64357 46550
64517 62814
64854 67263
64975 64973
65300 24087
65875 110349
66147 70565
66147 70566
66280 34055
66303 98741
66449 66450
66449 83889
66609 51190
66691 89934
66820 52059
66937 42981
66979 75592
66980 48456
67156 67158
67158 67156
67189 91535
67215 4478
67244 110056
67263 64854
67496 40258
67622 31530
67622 46550
67735 70194
67990 68160
68029 87146
68160 67990
68548 77793
68656 81148
68888 54633
69072 113633
69091 69093
69091 89745
69093 69091
69093 89745
69240 75160
69328 53038
69696 93824
69767 74113
69849 44539
70040 84169
70112 64033
70194 67735
70219 72378
70565 66147
70565 70566
70803 32535
70836 70837
70837 78656
70880 92198
70969 4123
71031 84174
71434 86321
71703 58420
71907 58397
72130 75509
72216 90133
72231 193
72378 70219
72408 53273
72421 19919
72421 25974
72421 86782
72455 12586
72595 8283
72595 11783
72833 65185
72881 33819
73298 54237
73418 62861
73459 48638
73491 12012
73549 16280
73652 100765
74113 69767
74348 93459
74503 121259
74694 105302
74694 105303
74833 3589
74851 52916
74899 83737
74899 83738
74974 112589
75244 75636
75274 80486
75281 1963
75416 42055
75631 126150
75636 75244
75842 117737
75856 20544
75916 98161
75917 46217
76376 123520
76609 52466
76618 96060
77106 87026
77158 77159
77159 77158
77508 63290
77537 34407
77617 119880
77648 63624
77793 68548
77816 77817
77817 77816
78054 79181
78417 4429
78473 91796
78656 82480
78664 11783
78719 3589
78719 4930
78878 40670
78886 17129
78961 98199
78972 55165
78993 47365
79406 89813
79489 5446
79515 81220
79582 79583
79583 79582
79684 115304
79721 33819
79954 47205
80103 81872
80338 64132
80486 15644
80590 42055
80635 86923
81097 81098
81148 68656
81289 60065
81576 100454
82045 82047
82047 82045
82203 31530
82203 54234
82270 45891
82480 78656
82543 42633
82591 45585
82684 72527
82714 82715
82715 82714
82831 8732
82964 82965
82965 82964
83074 93887
83671 3589
83671 21724
83737 74899
83737 83738
83738 74899
83738 83737
83889 66449
83889 66450
84051 49340
84174 71031
84191 139074
84323 120746
84323 120748
84327 118300
84445 84447
84447 84445
84584 85902
84601 46039
84601 101957
85100 92667
85771 100822
85819 121052
85858 49176
86079 87696
86203 58289
86321 71434
86376 75397
86543 140139
86570 7191
86574 118811
86663 80816
86782 72421
87146 112028
87263 91105
87696 86079
88092 88093
88093 88092
88339 30273
88339 106246
88346 56495
88346 105904
88572 9424
88942 88939
89048 19048
89112 123322
89371 90957
89466 130340
89745 69091
89745 69093
89813 79406
90078 142523
90133 74684
90405 126202
90624 72311
90957 89371
91024 4429
91024 91025
91025 91024
91105 87263
91263 104999
91284 62691
91535 67189
91667 66937
91732 91736
91732 105059
91736 91732
91762 65875
91786 100863
91796 78473
91805 141837
92068 95012
92646 108463
92660 25429
92667 85100
92869 64012
93234 105752
93459 74348
93592 130173
93824 69696
93887 67869
93977 141390
94162 109026
94182 108615
94305 15078
94395 94399
94399 94395
94658 61598
94716 135508
94938 131607
95594 95596
96016 146023
96060 76618
96233 96587
96414 75280
96550 121047
96587 96233
96913 33293
96959 127260
96984 100581
97423 18745
97467 79172
97472 43447
97481 148420
97618 104570
97820 97822
97822 97820
97934 127445
98161 75916
98166 141195
98272 51121
98627 112045
99285 100719
99744 128699
99983 105812
100334 108221
100454 81576
100465 100466
100466 100465
100546 102826
100581 96984
100765 73652
100805 100807
100806 100805
100806 100807
100807 100805
100863 91786
101245 67258
101957 84601
102189 118369
102264 102265
102279 5942
102340 104401
102401 119984
102773 89371
102826 100546
102826 139185
102924 127573
103379 160454
103410 24357
103672 103675
103672 124600
103675 103672
103902 148444
104054 84928
104276 60476
104296 57066
104401 102340
104426 4429
104685 67180
104999 91263
105059 91732
105268 105270
105270 105268
105302 105303
105302 116193
105303 74694
105303 105302
105303 116193
105480 129577
105689 52059
105721 105723
105723 105721
105812 99983
105828 24269
105904 88346
106225 150248
106246 88339
106246 123635
106279 124671
106539 156920
106633 75280
106953 118631
107251 151993
107636 71154
107865 46550
107933 99387
107941 41874
107985 4429
108098 37617
108180 116514
108198 73338
108221 100334
108301 47572
108560 108563
108563 108560
108572 48974
108814 99336
108966 88280
109008 38558
109727 73835
109733 59590
109769 46550
109895 95280
109987 36301
110349 65875
110499 110501
110501 110499
110515 142125
110900 67790
110927 163736
111040 128018
111123 35411
111123 135438
111499 15644
111564 65112
111576 111575
111708 19878
111717 85425
112028 87146
112349 9059
112400 4429
112589 61068
112598 91736
112604 127347
112608 114638
112897 117902
113045 158684
113199 104778
113309 51534
113740 93624
114422 241
114557 34694
114638 112608
114737 144505
115006 167413
115177 152224
115246 52390
115304 79684
115590 75397
115835 126072
115868 65403
115987 68425
116014 70079
116044 55969
116193 74694
116193 105302
116193 105303
116217 40027
116279 4429
116287 77719
116298 146054
116338 79515
116412 135227
116488 146940
116514 108180
116600 128153
117303 134259
117419 58386
117430 63380
117659 141878
117737 75842
117855 130705
117902 112897
118369 102189
118439 11783
118631 106953
118732 91590
118811 86574
119607 54335
119840 119841
119880 77617
119984 102401
120086 128774
120491 99932
120637 120636
120746 84323
120746 120748
120748 84323
120748 120746
120938 61652
121047 96550
121052 85819
121056 121058
121058 121056
121064 36306
121259 74503
121362 105059
121430 55147
121435 121436
121436 121435
121802 159864
122196 122195
122282 105726
122323 102977
122385 60120
122402 154297
122474 111564
122613 46295
123118 105518
123322 89112
123635 88339
123635 106246
123653 28957
124134 108271
124600 103672
124671 106279
124748 150958
125491 129634
125513 142036
126072 115835
126137 68288
126150 75631
126202 90405
126202 99563
126614 155379
127044 145007
127260 96959
127285 127287
127336 127338
127338 127336
127347 112604
127347 131216
127438 145896
127520 132827
127555 34407
127573 102924
127731 150530
128018 111040
128018 155577
128153 116600
128254 128253
128254 170977
128774 120086
129015 129013
129293 132221
129432 76820
129499 135832
129552 142573
129577 105480
129904 129907
129907 129904
129979 71691
130031 4429
130173 93592
130313 148540
130340 79515
130386 131841
130402 43364
130496 142576
130510 127287
130571 147200
130705 117855
130780 88613
130829 73065
131153 63538
131216 127347
131353 128306
131828 137221
131916 131915
131916 140845
132058 46687
132221 129293
132770 102265
132812 141644
132827 127520
133307 177417
133664 73652
133670 156485
133751 170038
133829 134058
134013 49340
134013 154552
134058 133829
134221 29716
134249 151461
134259 117303
135133 65875
135227 28999
135227 116412
135246 115107
135294 154127
135438 35411
135455 102130
135508 94716
135711 139140
135766 63509
135832 129499
136038 72264
136038 150581
136178 166358
136411 54351
136494 112278
136535 136536
136569 102279
136878 136879
137221 131828
137275 137276
137276 137275
137399 290
137530 69741
138071 121428
138453 152544
138599 159017
138797 138798
138798 138797
138966 133059
139074 152306
139140 135711
139185 100546
139185 102826
139285 21413
139350 123473
139701 134707
139818 154995
140139 86543
140317 176715
140845 131916
140853 90170
140926 149968
140992 140996
140996 140992
141068 28764
141195 98166
141390 93977
141461 141462
141462 141461
141517 68679
141644 104937
141644 132812
141828 143242
141837 16783
141837 91805
141878 117659
141930 81220
141967 127040
142036 125513
142037 125513
142037 142036
142125 110515
142398 185484
142573 110231
142573 129552
142576 130496
142665 29439
142877 179467
142908 144860
143069 155445
143242 141828
143272 184619
143533 114459
143632 31622
143736 141644
143825 164266
143943 122777
143990 82733
144163 152747
144358 130496
144446 144447
144447 144446
144505 114737
144802 123473
144860 12257
144860 142908
144882 122624
145222 162032
145250 181048
145261 145263
145261 151932
145263 145261
145263 151932
145381 19821
145654 161059
145896 127438
146023 96016
146054 116298
146054 153455
146424 21724
146575 182754
146608 9859
146726 154797
146940 116488
147200 130571
147445 147447
147447 147445
147560 67742
147672 131273
148018 192937
148252 100383
148420 97481
148444 103902
148516 36631
148540 130313
148648 173852
148831 160734
149315 10879
149425 163849
149968 140926
150080 62857
150236 91509
150248 106225
150306 95132
150487 35326
150512 105721
150516 121064
150516 145458
150530 127731
150530 156867
150581 106950
150581 136038
150748 150747
150958 124748
151461 92142
151483 187028
151932 145261
151932 145263
151993 107251
151993 176715
152471 84803
152544 138453
152747 144163
153174 158599
153212 40923
153231 154323
153455 146054
154127 135294
154297 36306
154462 78564
154469 176729
154511 181437
154552 15078
154552 134013
154637 156192
154711 127970
154711 157306
154797 146726
154995 139818
155379 126614
155400 20103
155400 77719
155445 143069
155544 163884
155550 118180
155577 128018
155907 145458
156192 29716
156485 133670
156637 55304
156920 106539
156924 100334
157203 157204
157204 157203
157306 154711
157678 157679
157679 157678
158210 70079
158524 130965
158599 153174
158657 159305
158684 113045
158814 158816
158816 158814
158824 201305
159017 138599
159017 165977
159079 146709
159115 180225
159305 158657
159433 111551
159433 149087
159492 117880
159540 181268
159864 121802
160137 160139
160139 11783
160139 160137
160164 155289
160216 80934
160454 103379
160656 162799
160985 103061
161059 145654
161300 36822
161342 161344
161344 161342
161979 186470
162032 77648
162078 71691
162078 181125
162183 178816
162450 75280
162746 64486
162799 160656
162803 140505
162915 66820
162943 8538
163162 185605
163327 172943
163736 110927
163849 149425
163849 180249
163884 155544
164130 168306
164266 170878
164604 164606
164606 164604
164648 48916
165120 170570
165530 182466
165836 149570
165919 51072
165919 178628
166088 166091
166091 166088
166104 203007
166157 150404
166358 136178
166366 38558
166390 12257
166781 34407
166953 175475
167058 68470
167413 115006
168484 1295
168783 115468
169321 169322
169322 169321
169608 187690
169630 169631
169631 169630
169683 140585
169780 12819
170060 81220
170486 49924
170570 165120
170756 121428
170878 164266
170977 128254
171083 175667
171189 111744
171340 20346
171706 155188
172053 195889
172072 172075
172075 172072
172250 211504
172888 103379
172943 163327
173290 193522
173566 173567
173567 173566
173644 197939
173852 148648
173929 54954
174065 4429
174297 174298
174298 174297
174957 14299
175024 201022
175246 145880
175350 119434
175475 166953
175667 171083
175715 200293
175917 84719
175972 105115
175978 181936
176158 189909
176161 216181
176196 132865
176242 185875
176534 118958
176603 20955
176603 133933
176641 160886
176715 140317
176729 154469
176820 176821
176821 176820
177022 177023
177023 177022
177200 191241
177275 124557
177277 201833
177297 200586
177376 175959
177417 133307
177745 177746
177746 177745
177805 179418
178390 204946
178628 165919
178779 193812
178877 82218
179196 111420
179319 200151
179338 185166
179418 177805
179467 142877
179530 200858
179880 205913
180054 100198
180085 119837
180085 183152
180146 168871
180225 159115
180249 163849
180405 209689
180558 205223
181048 207256
181085 181086
181085 182887
181086 181085
181125 162078
181231 146825
181268 159540
181311 191248
181358 71863
181369 164604
181369 164606
181437 154511
181438 181439
181439 181438
181656 182134
181933 181935
181935 181933
181936 175978
182134 181656
182392 33970
182426 215675
182754 146575
182785 156637
182887 181085
182955 146875
183032 183033
183152 180085
183421 177805
184550 129561
184886 205112
184991 184992
184992 184991
185077 195561
185121 201375
185166 179338
185325 185327
185327 185325
185512 86926
185534 159397
185605 163162
185609 139447
185875 176242
185922 165394
186128 178208
186383 143481
186470 161979
186710 187899
186718 38273
187028 151483
187308 161200
187326 160137
187385 202911
187391 187388
187690 169608
187716 223123
187827 101485
187899 186710
188256 203486
188500 188502
188502 188500
188534 188536
188536 188534
188636 206053
188950 74191
189153 189154
189154 189153
189158 103895
189350 196686
189885 49863
189909 176158
189985 67735
189985 70194
190020 11211
190020 106915
190086 168282
190372 211129
190453 4429
191241 177200
191248 181311
191691 105115
191906 194589
192248 209212
192536 192532
192820 192821
192821 192820
192871 132795
192937 148018
193070 200072
193360 138921
193369 3511
193477 198385
193531 178083
193743 5569
194332 177540
194381 199904
194430 227119
194507 155852
194589 191906
194775 217491
194883 116706
194894 139090
195561 185077
195640 101633
195770 214649
195889 11336
196401 218582
196466 110016
196501 24356
196686 189350
196723 196614
196790 209600
197939 173644
197975 217979
198385 193477
198510 210886
198888 136148
199299 78774
199320 204417
199592 151782
199904 194381
200072 193070
200151 179319
200215 128937
200293 175715
200321 130768
200586 177297
200662 174924
200672 28142
200706 178933
200858 179530
200959 221797
201305 158824
201833 177277
201847 201849
201849 201847
201901 201902
201902 201901
202106 212940
202112 170117
202147 230312
202504 231444
202549 230238
202678 202679
202679 202678
202911 187385
203007 166104
203007 224129
203486 188256
203652 124625
203794 208672
203869 19718
203893 230953
204214 178219
204417 199320
204417 202326
204511 64235
204627 228996
204871 212564
204946 178390
205112 184886
205223 180558
205913 179880
206051 4429
206053 188636
206053 209772
206949 206948
207256 181048
207617 197401
207820 207821
207821 29439
207821 207820
207845 101991
207935 217657
208014 139818
208142 88688
208142 155852
208156 108271
208222 187895
208309 24077
208672 203794
208891 176576
209001 213614
209158 229709
209187 195543
209212 192248
209561 187895
209570 216794
209600 196790
209689 180405
209772 206053
210074 13998
210222 210223
210223 210222
210225 211934
210485 16033
210886 198510
210944 178621
211129 190372
211431 218388
211504 172250
211623 203794
211927 218030
211934 210225
212171 187590
212380 60065
212380 212379
212456 26094
212564 204871
212940 202106
213053 17538
213614 209001
213649 143064
213766 172162
214240 35486
214302 232216
214483 183581
214746 214748
214937 214940
214940 161853
215359 175667
215675 182426
216033 111356
216115 162411
216181 176161
216278 216748
216331 196991
216385 180054
216433 56594
216748 2875
216748 216278
216794 209570
216939 201085
216970 216972
216972 216970
216985 29439
217357 190682
217491 194775
217657 207935
217724 217725
217725 217724
217808 33293
217808 212377
217979 3498
218021 198183
218030 29180
218030 211927
218157 218159
218159 218157
218281 218649
218388 211431
218569 232715
218582 196401
218648 218281
218648 218649
218649 218281
218649 218648
218776 39187
218844 172943
220148 225054
220687 67742
220832 62848
221117 199040
221328 130402
221459 230373
221489 45538
221557 52059
221584 232889
221797 200959
221900 226367
222022 52566
222320 242002
222328 71863
222471 149425
222900 239872
223123 187716
223216 81098
223257 117933
223257 231645
223339 232261
223866 239393
224013 151224
224129 166104
224254 235069
224256 233438
224309 234434
224379 237203
224710 66937
224758 29163
224769 112193
224876 175937
225044 30750
225455 238998
225534 211394
225745 172162
225996 155852
225996 177022
226114 175601
226181 226694
226292 133121
226367 221900
226584 69072
226694 226181
226775 242945
227119 194430
227640 241038
227783 127728
227882 240369
228026 101991
228072 168871
228073 228072
228193 26094
228477 778
228477 114618
228879 219673
228881 25486
228886 195517
228996 204627
229128 152818
229255 235212
229709 209158
230149 117200
230174 31892
230413 233278
230953 203893
231069 59833
231431 238902
231432 238902
231600 133121
231645 117933
231645 223257
231748 244431
232038 232049
232049 232038
232103 104274
232216 214302
232216 238183
232261 223339
232386 28373
233225 33970
233236 236434
233278 230413
233305 202975
233435 233436
233436 233435
233438 224256
233579 103325
233981 32526
233991 129562
234318 46295
234434 224309
234726 2875
235212 229255
235486 220322
236139 236138
236434 233236
236631 236633
236633 236631
237081 242586
237203 224379
237219 88688
237620 237621
237621 237620
238002 198240
238183 232216
238216 170056
238287 19364
238748 192325
238902 225821
238902 231431
238998 225455
239181 239182
239182 239181
239367 239368
239368 239367
239393 223866
239518 240260
239545 240468
239872 222900
240060 77648
240081 250485
240227 138191
240260 239518
240369 227882
240466 239545
240466 240468
240468 239545
240468 240466
240822 245896
240903 240559
241610 227795
241731 241733
241733 241731
242002 222320
242136 143880
242331 249999
242586 237081
242637 93234
242841 213033
243084 252448
243203 245093
243326 250746
243689 246660
243794 251903
243964 243965
243965 243964
243967 243964
243967 243965
243973 246042
244431 231748
244440 154786
244451 164904
245110 236590
245237 223510
245306 89028
245326 225335
245399 67318
245896 240822
245961 131915
246042 243973
246176 246177
246177 246176
246210 251850
246227 70079
246227 248267
246491 100592
246725 138453
246725 152544
246781 216853
247118 108813
247276 170298
247351 221374
247374 247376
247376 247374
247490 226894
247796 247797
247797 247796
248237 234400
248267 246227
248820 78015
248825 8286
249318 254062
249374 105270
249466 70079
249641 62848
249999 242331
250210 96467
250232 254822
250236 248527
250329 63624
250329 253944
250485 240081
250950 250952
250952 250950
251237 254644
251903 243794
251903 254983
251906 124600
252319 254327
252448 243084
252473 255620
252670 253009
253338 253339
253339 253338
253430 254015
253519 127110
253577 255058
253674 140505
253905 78015
253944 250329
254015 253430
254062 249318
254351 30750
254457 245742
254822 249168
254822 250232
254958 112608
254983 251903
255058 253577
255095 243493
255636 253988
255785 258609
256929 230329
256971 257967
257216 254457
257608 237642
257967 256971
258172 108755
258292 250975
258609 255785
259047 61923
259047 75397
259047 96467
259477 19156
259550 260033
259771 2431
259771 260021
260021 2431
260021 259771
260103 5789
260231 260232
260232 260231
260232 260696
260293 260027
260559 7509
260696 260232
260888 160031
261125 261048
261125 261214
261214 261048
261214 261125
261341 30459
261428 261450
261442 261341
261450 261473
261473 261450
261916 104371
